@442E // (0x11000 + B8) / 4 = 17454
760997
75424
887356
371853
759908
958202
482232
519639
94684
577618
280186
258302
898207
549234
928342
249796
409928
436998
924374
802456
653431
647246
754720
300745
990276
672039
546646
374862
117644
896918
166683
347839
82909
566497
584049
603587
821893
883126
456216
348794
83275
752806
853332
379803
987625
534853
712886
770463
896383
307382
53366
616618
329722
413085
888783
882888
226982
368431
564589
337852
889788
423
427503
865898
705730
5619
685140
663963
923484
432302
750428
524932
550063
22488
295591
959151
926938
871593
261190
176676
815924
89664
87219
492341
64658
55067
485521
820275
763450
75159
190459
27907
345233
291648
816832
80058
913710
433236
917226
845945 // 321e6c4
